#leaf
98,126,35	105,132,43	99,130,36	95,126,30	97,128,31	97,128,31	96,129,27
96,124,32	99,127,36	97,128,33	96,127,31	96,127,30	97,128,31	98,132,30
98,126,35	98,126,35	99,130,36	100,131,37	98,129,33	98,129,33	99,133,32
102,129,39	99,127,36	103,134,40	106,137,44	100,131,35	98,129,33	100,134,33
102,129,39	97,125,33	100,131,37	105,136,42	98,129,33	96,127,30	99,133,32
98,126,35	92,119,22	96,127,31	102,133,38	94,125,27	94,125,27	100,131,35
98,126,31	98,127,29	107,135,42	105,132,40	104,131,38	105,134,38	99,128,31
87,102,57	85,100,55	87,102,54	87,105,57	78,97,44	78,99,43	84,102,48
85,100,55	84,99,53	87,102,54	87,105,57	82,100,48	83,103,48	90,108,54
87,102,57	87,102,54	85,100,52	85,103,52	87,105,54	97,118,63	83,102,45
92,106,59	90,104,57	85,100,52	84,102,50	85,103,52	95,115,61	83,103,46
86,101,53	84,99,51	84,99,48	85,103,52	81,99,44	84,104,49	92,112,56
84,99,48	82,96,46	84,99,48	85,103,52	82,100,45	85,106,49	83,103,46
92,110,59	90,104,54	85,100,49	84,102,50	84,102,48	94,114,58	73,93,35
112,133,69	119,142,74	132,153,89	98,119,53	118,137,77	103,122,61	100,119,57
107,129,64	110,133,65	134,155,91	96,117,51	119,138,78	102,121,60	96,115,54
95,117,51	104,127,58	113,135,67	94,117,47	120,141,77	107,128,63	104,123,62
100,120,55	113,135,67	99,122,53	98,121,52	120,141,77	109,130,65	107,126,66
104,124,59	109,130,65	101,121,56	97,118,52	115,134,74	92,111,49	118,137,77
103,123,58	98,119,53	118,138,74	98,119,53	119,138,78	117,136,76	103,122,61
106,126,62	107,128,63	124,143,83	94,113,52	112,131,70	119,138,78	104,123,62
97,121,40	95,119,38	104,128,48	98,124,40	90,113,24	100,124,33	102,126,36
100,123,43	97,122,39	105,130,47	97,122,35	96,120,29	101,125,31	100,124,30
97,121,40	97,122,39	104,129,43	95,120,29	102,126,36	99,122,28	96,120,25
96,121,37	98,124,37	107,132,44	100,126,31	99,122,28	95,119,22	95,119,22
100,125,41	100,125,38	108,133,45	101,127,33	101,125,31	105,129,35	104,128,34
102,127,41	96,121,31	102,127,37	94,120,24	96,120,23	107,131,38	105,130,31
97,122,35	102,127,37	99,124,33	91,117,19	100,126,29	103,129,34	102,127,27
81,102,25	84,105,34	82,105,33	76,99,24	71,100,23	70,99,17	65,94,2
80,101,24	85,106,36	83,106,34	76,99,24	71,100,23	69,98,16	62,92,0
86,108,32	90,110,41	84,107,36	74,97,21	68,97,18	66,95,10	58,87,0
79,100,22	83,104,33	78,101,29	73,96,20	71,100,23	74,103,22	68,97,9
83,105,28	84,105,33	75,98,25	66,89,9	68,94,15	68,97,18	62,92,4
81,105,26	88,111,39	84,107,34	80,102,30	76,99,26	67,91,19	68,94,17
77,101,22	84,107,34	78,101,27	73,96,22	70,93,17	60,82,11	63,85,10

#pustule
140,84,0	129,67,0	206,144,79	172,110,41	143,83,0	161,101,27	154,98,15
133,78,0	127,66,0	191,130,64	183,121,54	153,93,19	148,88,1	126,69,0
154,99,23	111,50,0	157,98,22	176,117,47	161,101,31	155,99,23	127,70,0
157,106,35	107,49,0	188,131,67	199,142,79	164,107,39	150,95,15	123,69,0
139,90,5	122,67,0	157,103,32	179,125,59	151,96,22	135,84,0	106,53,0
133,85,0	113,61,0	157,106,35	178,126,62	142,89,14	123,74,0	99,48,0
122,73,0	108,55,0	131,76,0	180,126,60	164,112,45	141,91,14	101,52,0
209,159,112	153,98,50	114,65,0	149,104,37	162,119,45	187,140,63	208,162,87
190,140,92	155,101,49	108,58,0	149,105,33	189,143,69	178,133,50	159,112,24
188,142,90	174,122,72	129,80,3	163,115,45	193,146,69	159,112,21	134,88,0
185,141,88	167,117,62	139,91,17	168,119,47	169,122,38	150,103,0	154,108,0
170,126,69	167,118,61	160,113,44	183,135,61	163,113,27	150,101,0	156,112,3
161,121,61	180,135,75	176,127,59	175,125,47	144,92,0	139,90,0	154,112,4
157,118,50	153,109,37	175,126,55	141,91,0	150,97,0	154,108,0	146,110,0
155,116,2	161,117,0	168,123,0	168,126,0	166,129,0	170,139,12	183,158,54
158,118,3	159,113,0	178,131,0	179,135,0	173,137,0	174,144,15	177,153,44
151,108,0	143,94,0	166,117,0	181,135,0	181,142,0	173,144,3	175,150,38
159,117,0	153,104,0	174,125,0	185,139,0	184,146,0	177,145,0	175,149,32
142,99,0	148,99,0	169,121,0	169,122,0	171,130,0	173,139,0	169,143,21
152,113,0	156,111,0	164,116,0	173,126,0	176,133,0	173,137,0	183,152,37
126,93,0	144,101,0	162,116,0	173,126,0	176,133,0	171,131,0	178,145,28
155,120,28	192,139,61	170,107,28	127,63,0	187,133,61	194,156,81	135,112,16
164,123,37	213,158,83	174,107,35	131,67,0	200,145,78	211,173,102	139,115,32
156,116,26	214,156,81	196,129,62	130,66,0	185,135,68	195,158,89	141,120,36
181,141,57	187,132,54	165,102,26	142,80,0	175,127,59	172,141,68	129,112,25
191,152,65	195,143,63	166,106,25	131,75,0	203,161,90	151,125,46	140,129,44
170,135,39	156,108,5	145,92,0	121,73,0	169,136,53	128,107,12	151,145,59
123,91,0	137,96,0	150,104,2	123,82,0	138,113,20	123,111,9	155,151,60

#chlorosis
190,189,87	186,185,82	178,174,71	172,169,68	180,177,81	151,149,52	146,146,50
182,181,77	184,180,78	182,178,76	181,177,78	160,158,59	137,135,35	146,146,50
180,178,78	182,178,76	183,179,77	184,180,78	165,164,62	143,140,38	147,147,51
185,184,84	190,187,85	183,181,76	171,167,64	171,170,68	151,149,49	150,150,55
187,186,86	193,189,88	180,177,72	162,159,54	169,168,66	154,151,52	150,151,54
181,179,79	183,179,77	179,176,71	172,169,65	163,162,60	151,149,49	147,148,50
183,182,81	184,180,78	179,176,71	174,172,66	163,162,60	152,150,50	147,148,50
213,195,88	218,199,90	210,193,81	207,191,79	205,192,78	203,191,78	203,194,83
214,195,88	218,199,90	210,193,81	209,192,79	203,190,75	197,186,72	197,190,79
217,198,91	222,203,93	217,196,87	214,195,83	210,193,80	201,189,76	202,195,83
198,180,71	197,178,65	212,186,77	214,188,80	206,188,76	203,191,81	193,188,75
207,190,82	212,191,81	219,189,82	219,189,82	209,187,81	203,191,81	198,194,84
213,196,85	222,202,90	219,190,80	219,190,80	211,190,80	206,193,80	208,201,91
206,190,78	222,198,88	212,182,72	213,183,73	205,184,74	200,187,73	204,196,85
196,189,78	197,189,75	199,182,68	199,180,66	194,181,67	182,173,63	186,179,73
192,185,73	196,188,73	201,184,70	195,176,61	194,181,67	186,174,64	185,176,73
190,183,70	194,186,71	204,191,76	193,177,61	197,180,67	188,174,66	186,173,71
192,187,74	193,187,71	201,190,74	191,175,59	194,178,64	189,171,64	185,169,68
191,186,73	192,186,70	193,183,65	186,173,55	190,174,59	185,167,59	187,168,68
187,183,69	188,182,65	189,180,63	189,176,59	190,174,59	180,163,54	187,166,68
187,183,72	186,179,67	194,184,67	195,182,67	192,175,65	180,160,53	186,165,67
145,171,66	147,169,68	148,170,69
144,170,65	150,173,71	150,173,71
140,166,62	144,166,64	147,169,68
118,146,42	138,162,72	131,155,66
143,171,74	138,164,71	132,159,65
131,159,61	132,160,62	126,153,54
146,167,61	140,162,58	141,164,62
149,172,69	147,169,66	144,166,64
139,162,58	143,165,62	141,164,62
150,150,69	125,125,41	153,155,74
148,149,66	130,130,48	128,130,47
128,127,39	129,130,45	132,136,50
154,164,58	150,160,60	139,153,59
153,163,56	151,161,61	140,154,60
153,159,54	155,163,65	147,161,69

#background
227,226,221	224,223,218	224,223,218	233,232,227	232,231,226	233,232,227	231,230,225
239,238,233	231,230,225	228,227,222	232,231,226	227,226,221	231,230,225	234,233,228
239,238,233	239,238,233	240,239,234	241,240,235	233,232,227	237,235,231	241,240,235
242,241,236	238,236,232	234,233,228	241,240,235	237,235,231	232,231,226	224,223,218
237,235,231	232,231,226	230,229,224	242,241,236	246,245,240	247,246,241	237,235,231
228,227,222	228,227,222	220,219,215	226,225,220	226,225,220	233,232,227	233,232,227
234,233,228	228,227,222	241,240,235	237,235,231	227,226,221	230,229,224	230,229,224
229,225,221	229,225,221	229,225,221	228,223,220	228,223,220	224,219,216	228,223,220
227,222,219	226,221,218	224,219,216	223,218,214	222,217,213	221,216,212	224,219,216
231,227,223	229,225,221	225,220,217	223,218,214	221,216,212	219,214,210	222,217,213
228,223,220	225,220,217	225,220,217	228,223,220	231,227,223	229,225,221	233,228,224
223,218,214	222,217,213	224,219,216	224,219,216	220,215,211	216,212,208	213,208,205
235,230,226	231,227,223	230,226,222	229,225,221	224,219,216	229,225,221	239,234,231
228,223,220	223,218,214	223,218,214	225,220,217	223,218,214	219,214,210	224,219,216
243,242,237	247,246,241	239,238,233	238,236,232	239,238,233	241,240,235	249,248,244
233,232,227	238,236,232	236,234,230	236,234,230	232,231,226	241,240,235	232,231,226
229,228,223	231,230,225	237,235,231	247,246,241	249,248,244	252,250,246	249,248,244
240,239,234	234,233,228	226,225,220	226,225,220	224,223,218	239,238,233	239,238,233
248,247,242	248,247,242	238,236,232	237,235,231	240,239,234	222,220,216	231,230,225
239,238,233	241,240,235	239,238,233	238,236,232	240,239,234	238,236,232	230,229,224
242,241,236	247,246,241	246,245,240	242,241,236	240,239,234	237,235,231	239,238,233
246,241,227	248,244,226	255,255,241	242,233,221	213,204,195	226,218,211	228,222,219
240,236,221	255,252,234	255,255,253	249,241,229	206,198,188	220,212,204	222,216,212
240,236,221	253,250,232	255,255,255	254,246,234	211,203,193	222,214,207	222,216,212
235,230,216	237,232,218	255,251,236	246,238,226	200,191,182	218,209,202	224,218,214
233,228,215	227,223,208	249,242,228	243,234,222	208,200,190	219,211,203	222,216,211
239,234,221	234,229,215	254,247,233	247,239,227	230,221,212	227,219,212	221,215,210
231,226,212	229,224,209	246,239,224	233,226,211	209,201,191	211,203,196	216,206,202
255,255,253	255,255,255	255,255,255	255,255,255	255,255,255	255,255,255	255,255,255
144,138,131	131,125,118	113,107,100	110,104,96	100,94,86	91,85,78	92,86,79
41,29,21	44,32,24	41,29,21	38,25,17	37,24,15	34,21,12	34,21,12
61,47,42	71,58,53	76,62,57	67,53,48	75,61,56	78,65,59	73,59,54
86,72,67	87,74,68	84,70,65	88,75,70	88,75,70	80,67,62	71,58,53
91,80,74	98,87,81	95,84,77	89,78,72	92,81,75	95,84,77	97,86,80
105,97,90	117,109,102	117,109,102	123,114,107	126,118,110	126,118,110	124,116,108
